"approve"	"disapp"	"dummy"	"n"	"RT"	"fav"	"response"	"sent"
"approve"	1	-0.962	-0.082	0.01	0.038	0.045	-0.008	-0.037
"disapp"	-0.962	1	0.078	0.02	-0.009	-0.022	-0.002	0.05
"dummy"	-0.082	0.078	1	0.407	0.408	0.436	0.514	0.16
"n"	0.01	0.02	0.407	1	0.877	0.91	0.251	0.006
"RT"	0.038	-0.009	0.408	0.877	1	0.979	0.552	-0.051
"fav"	0.045	-0.022	0.436	0.91	0.979	1	0.5	-0.02
"response"	-0.008	-0.002	0.514	0.251	0.552	0.5	1	0.021
"sent"	-0.037	0.05	0.16	0.006	-0.051	-0.02	0.021	1
